2
5 6
-7.89748 -3.02422 5.13086 0.344418 -8.50754 10.9388 
-1.65761 6.37386 6.07575 -16.6184 -25.6829 12.4945 
-13.8052 1.33084 -0.663461 -3.43557 -15.7547 4.40487 
-0.356557 5.83225 5.42559 -10.8086 -17.6408 10.6149 
-7.02777 -2.76904 4.92872 -0.0017854 -8.78381 11.0251
3 6
1.84343 1.48297 3.4958 5.12119 2.09502 10.7032 
2.01981 10.4034 -4.10439 7.26036 1.66601 10.6545 
1.98833 12.4381 16.9632 8.40658 1.63014 10.7259
3
6
1.53891 1.33374 1.17673 1.08761 1.0364 1
6
0 0 0 0 0 1
4
10.7032 10.6545 10.7259 1
